9.059275089006694500e-06 -1.270484823050199941e+00
-1.957555793476534623e-03 -1.269364187548008172e+00
-3.151983707288040330e-03 -1.268209214417235886e+00
3.015892773285466961e-03 -1.267050777478661905e+00
1.469152746919119047e-03 -1.265917780587855868e+00
4.199461500071619349e-03 -1.264817670815153061e+00
-1.137484031650977216e-03 -1.263734371724831940e+00
-5.462932557129892772e-03 -1.262607691366338880e+00
-2.177588470973452345e-03 -1.261430989739597441e+00
-8.867669676809752238e-03 -1.260183007506640918e+00
4.372754965556471980e-03 -1.258904233942270245e+00
-1.927635408327036054e-03 -1.257638061815397057e+00
-1.035832556676794273e-03 -1.256350773261244447e+00
-8.357770830862115263e-04 -1.255049154632748465e+00
1.094502343836266118e-03 -1.253746469517836637e+00
-4.148739959666610314e-03 -1.252422153228522239e+00
9.218120783681439407e-04 -1.251075012302084399e+00
-3.430456902050725478e-03 -1.249709578330455040e+00
-7.158569053876503128e-03 -1.248275440724389007e+00
-5.051166763922109761e-03 -1.246762264915752150e+00
3.626000188646961325e-05 -1.245214680132893159e+00
5.193961962743661245e-03 -1.243696524446959106e+00
5.682661072654002048e-03 -1.242243211339734810e+00
6.966778244182198192e-05 -1.240823083756429135e+00
-4.362695491407214167e-03 -1.239373628158805474e+00
-3.163882676248386521e-03 -1.237874594496213287e+00
9.968214266646740693e-03 -1.236415159103502415e+00
-4.881296640086159669e-03 -1.234984992942066206e+00
-5.736605824572014491e-03 -1.233486175847095412e+00
-2.383318575072047483e-04 -1.231947470391528299e+00
-3.150633966110303209e-03 -1.230385011863825540e+00
6.641155084083244856e-03 -1.228841583458871511e+00
3.401258137268958672e-03 -1.227358245355076871e+00
6.219953491327552715e-03 -1.225932517477989148e+00
5.515860348103761995e-03 -1.224577773494386124e+00
1.020704378566166144e-03 -1.223261791131500686e+00
-4.211348544661980622e-03 -1.221924029167445580e+00
-2.418847241207667132e-03 -1.220542992014792771e+00
-3.972522723400664056e-03 -1.219120148313254548e+00
-4.003282600031595959e-03 -1.217645570145816869e+00
5.414330219048731161e-04 -1.216147310116249658e+00
-9.342121589090510853e-03 -1.214592179979514297e+00
-3.785677523239253887e-03 -1.212953023668585928e+00
-1.320265644893516997e-03 -1.211279752503555240e+00
2.046583422799508768e-03 -1.209608705741354706e+00
-3.866396585018448857e-03 -1.207924136073615262e+00
5.439465652634643041e-04 -1.206216629572131271e+00
1.791652267950812711e-03 -1.204521496443556439e+00
2.631827085391250706e-03 -1.202851838072152901e+00
-1.123195771622435444e-03 -1.201189613462084083e+00
-1.119157306195873959e-03 -1.199511478401929621e+00
-8.866987080267450458e-03 -1.197769234172791686e+00
4.452732706501881348e-03 -1.195997422211123817e+00
-9.599727948463582586e-03 -1.194191665892210041e+00
-3.870922417115086993e-03 -1.192299944191952399e+00
-3.611935864163222029e-03 -1.190359538076364521e+00
-5.720301331741981660e-03 -1.188358919795807322e+00
-2.981443646752088370e-03 -1.186301954467695818e+00
-5.032903559570467249e-03 -1.184192942065651177e+00
4.140493169216438035e-03 -1.182076201995757136e+00
-2.336143158964910406e-03 -1.179968737879943941e+00
4.281761437370999908e-03 -1.177871457039440850e+00
-3.140912439361994313e-03 -1.175779543890257850e+00
-3.590232714367952872e-03 -1.173643980962544076e+00
3.358696491799213757e-03 -1.171505268659728927e+00
-1.181503429777678270e-03 -1.169378584655581976e+00
-3.866583164986904173e-03 -1.167218989191710854e+00
1.368878783390356946e-03 -1.165042387872736729e+00
-3.178733637756415379e-03 -1.162853203068328956e+00
1.433004881051695018e-02 -1.160732190480357140e+00
3.390162254458296397e-03 -1.158720603411405703e+00
-2.850691840171007668e-03 -1.156711497791750531e+00
4.536494096748798499e-03 -1.154712029581417498e+00
-9.250419685461360592e-03 -1.152682491981827928e+00
1.661429569015672328e-03 -1.150604913726593237e+00
3.641385377381290301e-03 -1.148559740251321681e+00
-3.723756160603072015e-03 -1.146513541745034725e+00
-3.097612604745578289e-03 -1.144424363772365227e+00
1.171569736916557546e-02 -1.142388436253927608e+00
3.911518874394817082e-03 -1.140449609727753222e+00
3.788174393162279698e-03 -1.138558516314741365e+00
-6.743357275078533039e-03 -1.136648850310170822e+00
-3.848829480551901015e-03 -1.134673042589323444e+00
-4.890926696220304799e-03 -1.132642732355797710e+00
5.426396806979557827e-03 -1.130615761314591294e+00
4.673987721937243600e-03 -1.128651834859111025e+00
-6.248584778536332360e-04 -1.126713298897165982e+00
1.070158846874340872e-04 -1.124771727617648320e+00
1.277108225275185331e-03 -1.122839033352954097e+00
2.216742600998939262e-03 -1.120928415996316652e+00
2.847112728409628788e-03 -1.119049699974846268e+00
6.348728804973930925e-03 -1.117228650317015903e+00
1.816123799398223397e-03 -1.115458858200382153e+00
2.714502351312046442e-03 -1.113717663730310781e+00
1.178912402144060515e-03 -1.112001114081587527e+00
5.262660778765185536e-04 -1.110295588195253202e+00
6.262755303053590961e-03 -1.108632772358713048e+00
-2.631263727945000290e-03 -1.106993004009204196e+00
5.628238750403018837e-04 -1.105340761344873579e+00
3.950989455199255696e-04 -1.103694958389873193e+00
3.335015732421381992e-03 -1.102072887852767247e+00
