#! FIELDS time dl
 0.000500 0.450003
 0.001000 0.450014
 0.001500 0.450023
 0.002000 0.450028
 0.002500 0.450033
 0.003000 0.450035
 0.003500 0.450038
 0.004000 0.450049
 0.004500 0.450063
 0.005000 0.450071
 0.005500 0.450074
 0.006000 0.450073
 0.006500 0.450066
 0.007000 0.450057
 0.007500 0.450048
 0.008000 0.450031
 0.008500 0.450007
 0.009000 0.449979
 0.009500 0.449947
 0.010000 0.449910
 0.010500 0.449866
 0.011000 0.449819
 0.011500 0.449770
 0.012000 0.449718
 0.012500 0.449664
 0.013000 0.449605
 0.013500 0.449539
 0.014000 0.449475
 0.014500 0.449415
 0.015000 0.449355
 0.015500 0.449297
 0.016000 0.449244
 0.016500 0.449186
 0.017000 0.449124
 0.017500 0.449066
 0.018000 0.449012
 0.018500 0.448959
 0.019000 0.448897
 0.019500 0.448832
 0.020000 0.448764
 0.020500 0.448694
 0.021000 0.448621
 0.021500 0.448546
 0.022000 0.448475
 0.022500 0.448408
 0.023000 0.448341
 0.023500 0.448270
 0.024000 0.448197
 0.024500 0.448120
 0.025000 0.448043
 0.025500 0.447966
 0.026000 0.447890
 0.026500 0.447815
 0.027000 0.447745
 0.027500 0.447677
 0.028000 0.447608
 0.028500 0.447537
 0.029000 0.447471
 0.029500 0.447405
 0.030000 0.447339
 0.030500 0.447271
 0.031000 0.447199
 0.031500 0.447126
 0.032000 0.447052
 0.032500 0.446975
 0.033000 0.446901
 0.033500 0.446827
 0.034000 0.446747
 0.034500 0.446664
 0.035000 0.446579
 0.035500 0.446491
 0.036000 0.446407
 0.036500 0.446329
 0.037000 0.446253
 0.037500 0.446174
 0.038000 0.446092
 0.038500 0.446008
 0.039000 0.445921
 0.039500 0.445828
 0.040000 0.445730
 0.040500 0.445625
 0.041000 0.445515
 0.041500 0.445407
 0.042000 0.445303
 0.042500 0.445204
 0.043000 0.445109
 0.043500 0.445015
 0.044000 0.444928
 0.044500 0.444850
 0.045000 0.444773
 0.045500 0.444699
 0.046000 0.444628
 0.046500 0.444562
 0.047000 0.444507
 0.047500 0.444458
 0.048000 0.444413
 0.048500 0.444375
 0.049000 0.444339
 0.049500 0.444309
 0.050000 0.444282
 0.050500 0.444258
