0.000000000000000000e+00 -6.006294237762610511e-02
-1.899176251215185449e-02 -5.753476682224985261e-02
-2.073971826588531450e-02 -5.478884084919755093e-02
6.670598314187936324e-04 -5.194812807426543028e-02
3.950636499689736195e-03 -4.916661199669977722e-02
-3.436905371457266850e-02 -4.622592768043550654e-02
-3.638394032623814113e-04 -4.309957930026156459e-02
-1.581884781330477469e-02 -3.990352862327511962e-02
-1.352468720910941606e-02 -3.655595847583148483e-02
1.623204388434361378e-02 -3.325682219065487222e-02
2.539630192732176758e-02 -3.024836587067309193e-02
-1.517696284350398758e-02 -2.733424387494255009e-02
3.622698743243377151e-03 -2.437860468475188877e-02
1.792033071544074305e-02 -2.158765558018592434e-02
-1.189841091706986091e-02 -1.886431319382533833e-02
2.227093424654743442e-02 -1.623549213809923411e-02
-3.840792242376601245e-02 -1.353585066293785943e-02
-7.728790828357817375e-03 -1.057871825123876675e-02
1.919751577578544116e-02 -7.723461930244516008e-03
5.965508238417778497e-02 -5.389450717800461053e-03
1.791426469377000938e-02 -3.567378819193586618e-03
1.516167317636146587e-02 -1.978869520818283319e-03
-1.844304722772483612e-02 -3.969113540715426018e-04
3.455815824531293604e-03 1.251416653155447249e-03
-3.989591302322092331e-02 3.099554621739183165e-03
1.353550545692828490e-02 5.084240172099517216e-03
-4.949751468986549746e-03 6.987515389338240165e-03
-4.412292128872771779e-02 9.168684969128326062e-03
4.538734583742083314e-03 1.156798404388684545e-02
1.285917415496553792e-02 1.383001897561330663e-02
-1.161298031420196671e-02 1.605574014848966044e-02
-2.442908017653745711e-02 1.847747644581830551e-02
-3.049705353323298174e-02 2.121236258149886145e-02
-5.059937992228587950e-03 2.413901201925028328e-02
3.138516189058818823e-02 2.687158025575991233e-02
2.101117350348468554e-02 2.924820121840173218e-02
1.377497355402045563e-02 3.137944064007673617e-02
-4.000544083727061717e-02 3.364590454038064032e-02
-4.850193816499155652e-03 3.616324591804099403e-02
2.766628062214904205e-02 3.850939764045670927e-02
1.105775115864027040e-02 4.058570984212917648e-02
4.240193249959558000e-03 4.253873445878227078e-02
-9.432198575765849205e-03 4.449636852946418919e-02
-2.053584735024454808e-02 4.661288096853275636e-02
-1.932043043175371219e-02 4.894944826012319339e-02
1.955570071344982577e-02 5.125584383909236041e-02
4.029457984512645891e-02 5.316087747070475517e-02
-1.670993526223892717e-02 5.489139979896261873e-02
-1.176511317152642219e-02 5.677205780294913851e-02
2.415034254564118847e-03 5.868337241016605144e-02
7.513197578076821759e-03 6.050520680445031774e-02
-4.974104775534417960e-03 6.228379933662216844e-02
-3.651145781784864708e-02 6.429342444709297555e-02
-9.439263472558814816e-03 6.656130865816424491e-02
-1.195801361766055809e-02 6.893389698628411832e-02
-1.442503910087081925e-02 7.144198160750055149e-02
2.020566394566294249e-02 7.388492478672795127e-02
-1.815969772925166842e-02 7.628615412040593013e-02
-1.923620324556462105e-02 7.889141035602459384e-02
-1.621973443416954708e-02 8.168810375160856507e-02
-2.370543662029151247e-03 8.457071893157420972e-02
-3.365466083143220377e-02 8.764761694137217229e-02
1.166058102002910310e-02 9.083093057847951846e-02
2.397673223788955935e-02 9.376148401333438132e-02
1.998740256355951376e-03 9.650007949953084974e-02
-3.013816563757467509e-02 9.938420743637513266e-02
2.547831526182407075e-02 1.022672813042642542e-01
1.322056362575898397e-02 1.048792818436099089e-01
8.438352756577007299e-03 1.073270103287333882e-01
3.312042636961929232e-03 1.096725849340766945e-01
8.352117474064734565e-03 1.119167937826780201e-01
-2.347991582518739115e-02 1.142267392631855644e-01
-2.989002131296696063e-02 1.168404166266786004e-01
-1.949072728503709398e-02 1.197322226716706906e-01
3.760596788598852269e-02 1.224811182320137554e-01
-2.553229590493395675e-03 1.249819804391197609e-01
-2.627582229099375416e-02 1.276332671073648339e-01
1.294783820216924113e-02 1.303380678545345284e-01
3.803861397826388546e-02 1.326957188669406207e-01
-3.363612124252654545e-02 1.349971968928220523e-01
8.964162375655226889e-03 1.374237062460703096e-01
2.159996961625827716e-02 1.396309365127280100e-01
-9.477312715150825601e-03 1.417342796512310321e-01
1.732317313339311890e-03 1.438577216975949757e-01
-3.558988175797171000e-02 1.461638344250870414e-01
-1.298766002982573893e-02 1.487438376668037132e-01
1.982007726100280039e-04 1.513741704281652001e-01
5.629428658900549262e-03 1.539387684220699382e-01
-4.165980751203855748e-02 1.566984854476062283e-01
1.560806507367680333e-02 1.595907115318893621e-01
-3.466628293850796544e-02 1.625715907907333557e-01
-1.747982760416298860e-03 1.657490174478020162e-01
-2.176902364304235393e-02 1.690422101470548388e-01
1.947653531971872687e-02 1.723187347967547467e-01
1.108410069395970952e-03 1.754361971377887686e-01
1.590170445021932624e-02 1.784172981519615009e-01
-1.686656191608340224e-02 1.813743616744259990e-01
-1.994266185417863102e-02 1.845307182441750515e-01
4.180426693564726764e-02 1.875205321334617037e-01
-1.527281758872271050e-02 1.903151800780631953e-01
2.899177824366387310e-02 1.929949843802846177e-01
